3,1940163,4
3,1924939,4
3,2068821,3
3,1206452,4
3,2126122,4
3,250836,3
3,2065639,4
3,183215,4
3,1737484,4
3,290951,4
3,1022903,4
3,1544094,5
3,345869,4
3,2096587,5
3,309567,2
3,1743030,3
3,755319,3
3,1733406,4
3,1100170,4
3,920625,2
3,1915354,4
3,1863843,2
3,1248452,3
3,619721,4
3,175763,4
3,946970,4
3,2378011,5
3,532382,4
3,311641,1
3,871580,3
3,2443370,4
3,1599030,5
3,309333,4
3,375319,4
3,108052,4
3,966255,4
3,924839,5
3,820624,4
3,976059,3
3,357507,3
3,544496,2
3,2193643,5
3,1221390,4
3,1479047,4
3,620147,5
3,1130826,3
3,1100037,3
3,1197233,2
3,786312,3
3,1036823,3
3,1947922,2
3,1614895,4
3,1733188,4
3,1142291,4
3,2630072,3
3,2213289,5
3,2203875,4
3,2003554,4
3,257517,4
3,1057518,4
3,968765,5
3,871489,5
3,719833,4
3,1927897,5
3,479779,4
3,2338873,5
3,203667,5
3,780282,4
3,2252223,5
3,2186436,2
3,1704175,4
3,2013198,4
3,2611525,3
3,1673185,3
3,1756597,5
3,2623268,4
3,2601294,4
3,2596383,3
3,2590630,3
3,153249,4
3,77266,2
3,1094443,2
3,1394444,5
3,2599552,4
3,1231910,3
3,1355097,4
3,1710932,3
3,2554745,4
3,2229289,4
3,51230,4
3,402377,4
3,1401399,4
3,2240742,5
3,372528,3
3,104768,5
3,1078792,4
3,1456369,4
3,2266857,3
3,968796,3
3,2446687,5
3,1406148,3
3,1479793,3
3,41371,5
3,1658752,3
3,1478381,4
3,1319527,5
3,1195585,5
3,709342,4
3,2646060,3
3,1853885,4
3,1281996,4
3,2164676,4
3,870391,2
3,1198785,2
3,1857979,2
3,1830211,4
3,2436327,2
3,52540,1
3,44783,3
3,1477923,4
3,1562675,1
3,1007809,4
3,2079559,5
3,445828,2
3,1333,4
3,206809,5
3,1628475,4
3,2579794,4
3,1756658,3
3,248932,4
3,958382,4
3,2297863,4
3,489962,3
3,958104,4
3,1286051,3
3,2463079,3
3,2145227,4
3,78931,5
3,2173816,1
3,21983,4
3,1977959,4
3,2120279,5
3,1959707,3
3,531155,4
3,2344483,4
3,24344,4
3,2213550,4
3,188416,3
3,2312349,4
3,525003,5
3,1854303,1
3,109089,5
3,6689,4
3,214166,3
3,553931,4
3,1650301,2
3,2537764,5
3,166100,4
3,672980,5
3,2143489,1
3,1204327,4
3,1275804,4
3,2424721,3
3,1813349,4
3,2267507,4
3,1983667,2
3,283774,5
3,1859725,4
3,79160,4
3,603277,3
3,1632700,4
3,253876,4
3,620771,2
3,714960,4
3,574843,5
3,2158448,5
3,1995318,3
3,454417,4
3,704249,4
3,67315,4
3,948069,3
3,2519847,5
3,66414,5
3,1694958,3
3,699878,4
3,931626,2
3,115498,3
3,1614320,4
3,701730,2
3,975874,5
3,2467008,4
3,616720,4
3,2031561,4
3,1644750,3
3,1436762,3
3,439011,1
3,656399,4
3,44937,5
3,2632461,3
3,1331154,4
3,712664,5
3,1025579,4
2,1272122,5
2,1283204,3
2,1824543,4
2,515436,1
2,1581265,3
2,803752,3
2,1785842,3
2,1172326,5
2,1807053,5
2,1515430,3
2,1838586,1
2,1461435,1
2,630887,5
2,1025193,5
2,219925,4
2,2468831,5
2,1167731,4
2,348960,1
2,2019055,5
2,387418,1
2,2118461,4
2,1806515,3
2,41422,4
2,268917,2
2,715897,5
2,196494,5
2,828919,5
2,1398626,3
2,391517,4
2,527491,4
2,1251170,2
2,1803154,2
2,2640085,5
2,2345723,4
2,1476323,5
2,2418486,4
2,2147527,1
2,1403217,2
2,1875495,2
2,11409,5
2,584750,3
2,1129620,3
2,1581186,4
2,305344,1
2,970975,3
2,247898,5
2,1252841,3
2,2212071,3
2,2375962,3
2,1236127,4
2,2606799,1
2,183903,5
2,503334,4
2,1783594,5
2,1576540,4
2,193476,5
2,261764,1
2,2103439,2
2,2231529,3
2,2072554,5
2,105086,5
2,521932,4
2,1623166,3
2,2567280,3
2,1632603,3
2,1344564,3
2,402321,4
2,1980668,5
2,2431481,3
2,1664010,4
2,995594,5
2,1636093,5
2,2422676,3
2,236271,2
2,1479907,5
2,845529,5
2,1507649,5
2,507603,1
2,1358911,5
2,1315005,4
2,412535,4
2,2532807,3
2,618272,1
2,2314531,4
2,1210631,3
2,2648861,3
2,526466,4
2,1374216,1
2,2385553,5
2,1743759,4
2,1025601,5
2,2596999,4
2,311232,2
2,349407,5
2,222290,4
2,468713,5
2,810636,4
2,426476,5
2,785768,3
2,1349753,3
2,69809,5
2,1563935,1
2,2226229,3
2,1312846,3
2,1190070,4
2,2556926,3
2,1288603,5
2,2592823,4
2,1445632,5
2,2225116,4
2,2439493,1
2,220427,4
2,1903158,4
2,636262,1
2,494639,2
2,2244378,4
2,1131325,2
2,1013802,1
2,748922,5
2,1832577,4
2,1078701,4
2,2265116,3
2,1176404,4
2,1922778,3
2,1878728,4
2,1828884,5
2,65932,3
2,2271251,5
2,1784150,4
2,1283598,3
2,1888322,5
2,1340535,5
2,1793899,5
2,2557870,4
2,977632,4
2,988104,3
2,1401650,4
2,392722,4
2,573975,3
2,2625420,2
2,998862,4
2,1959936,5
2,1759415,4
2,1666394,3
2,2059652,4
1,1815755,5
1,1426604,4
1,1535440,4
1,1403184,3
1,1790158,4
1,946102,5
1,548064,5
1,2031093,4
1,2374451,4
1,51334,4
1,1313126,5
1,1654508,3
1,188613,4
1,287901,5
1,596533,5
1,1550216,1
1,2380848,5
1,2419258,4
1,1086360,3
1,1415954,2
1,2151149,4
1,433945,5
1,2011399,5
1,42921,3
1,334701,3
1,2565654,5
1,2539549,3
1,263240,3
1,1247177,3
1,272689,5
1,515436,1
1,1140108,4
1,121456,4
1,874943,5
1,1254683,1
1,1790903,4
1,1878798,4
1,2451020,4
1,1658790,3
1,1645794,4
1,120491,5
1,1017324,4
1,2497991,4
1,740495,4
1,712609,4
1,1005769,5
1,45117,5
1,1033930,3
1,1117062,4
1,1347129,4
1,328415,3
1,998236,5
1,1364481,4
1,1876297,5
1,1123959,3
1,2093105,3
1,1001779,4
1,1515355,3
1,1962300,3
1,1255780,5
1,1862581,4
1,1981464,4
1,2126192,3
1,151004,5
1,1686060,5
1,685113,4
1,2047577,3
1,1201176,4
1,353369,3
1,202811,3
1,173930,4
1,1602153,4
1,565041,4
1,2564257,3
1,308753,5
1,208920,4
1,13651,3
1,1066317,4
1,881346,5
1,831775,4
1,1059319,3
1,2385774,3
1,1772839,5
1,1443203,4
1,1060658,3
1,190418,3
1,1357894,3
1,1918987,4
1,660499,1
1,1116065,1
1,712610,4
1,1388284,5
1,145873,3
1,492291,3
1,1273630,4
1,379184,4
1,1274780,3
1,1455257,4
1,470861,5
1,1046882,3
1,1366860,4
1,396595,5
1,646098,4
1,872408,4
1,387418,1
1,358776,4
1,1278488,4
1,332401,3
1,691108,4
1,444411,3
1,2118461,5
1,11589,3
1,1806515,3
1,972136,3
1,386915,4
1,1682651,4
1,2078679,5
1,2390644,3
1,206115,4
1,568930,5
1,344753,3
1,136106,3
1,1190829,4
1,2260684,4
1,758937,4
1,2566259,5
1,236921,5
1,2279000,3
1,1311231,3
1,1398626,2
1,2609436,4
1,121073,5
1,1751103,4
1,1547173,3
1,448902,5
1,2054180,3
1,1424199,5
1,766489,3
1,1168571,5
1,1508350,4
1,1458179,4
1,2056022,3
1,2255037,3
1,1824044,4
1,1994111,4
1,2207647,4
1,2322840,3
1,1653834,4
1,2618594,4
1,984369,3
1,1178171,4
1,1398076,4
1,1133763,3
1,1107588,1
1,596728,2
1,1569513,3
1,253794,5
1,1494196,5
1,1776980,5
1,54774,4
1,1952116,4
1,1462866,2
1,389872,2
1,1906145,4
1,752642,3
1,402266,5
1,2630797,5
1,1604707,4
1,659505,4
1,608576,4
1,1294335,2
1,1605780,4
1,2005193,4
1,1565175,5
1,493945,5
1,155164,4
1,837756,5
1,810700,5
1,1562707,1
1,544833,3
1,1884755,2
1,758850,4
1,863302,4
1,2239213,3
1,652324,3
1,661344,3
1,269524,3
1,1245176,4
1,2013504,4
1,2584676,3
1,1739170,5
1,288420,5
1,21722,4
1,1357013,3
1,1181170,3
1,1563530,4
1,1228324,4
1,2464081,4
1,1022254,5
1,921487,2
1,453694,5
1,1852606,4
1,14924,5
1,1839976,2
1,1823641,5
1,473070,5
1,2088415,4
1,1819146,5
1,68033,4
1,498469,5
1,2060858,4
1,2537076,4
1,2226525,4
1,1774623,4
1,1512406,1
1,2380806,5
1,885165,4
1,2430356,4
1,2569099,1
1,305344,1
1,2603381,5
1,2544219,5
1,1430587,4
1,915,5
1,2605190,5
1,2625019,3
1,640588,4
1,437111,4
1,31913,4
1,811790,5
1,547732,3
1,2444240,3
1,2054145,3
1,978412,5
1,2491785,5
1,16272,4
1,1682104,4
1,504620,2
1,2529547,5
1,682963,3
1,2233105,4
1,1824586,4
1,1723381,5
1,1559445,5
1,623036,5
1,101597,5
1,2256485,1
1,638824,5
1,2242821,5
1,435841,3
1,2565752,4
1,1343170,5
1,1782762,4
1,2016488,4
1,1714116,3
1,1450941,5
1,1554712,5
1,1346432,4
1,491531,5
1,2275470,2
1,1182185,4
1,172264,4
1,1603525,3
1,508727,3
1,230112,3
1,2576424,4
1,1779903,4
1,34907,3
1,2269844,5
1,1874547,4
1,2554942,4
1,3321,3
1,685565,5
1,1462072,5
1,42930,3
1,608234,5
1,1647618,4
1,1873429,4
1,255383,5
1,2010770,4
1,2291306,1
1,722591,5
1,87113,2
1,2413320,4
1,166041,4
1,2305014,5
1,2277395,4
1,1435717,5
1,1922925,4
1,1805202,4
1,828410,4
1,94565,4
1,1008986,4
1,2607300,3
1,134001,4
1,1935793,1
1,437881,3
1,2530404,3
1,225765,4
1,60343,5
1,1137010,4
1,1406595,4
1,2563768,3
1,741245,4
1,1524343,5
1,400162,5
1,1073367,3
1,2112162,4
1,122197,1
1,767518,5
1,519684,5
1,2268101,4
1,1148389,4
1,1743210,5
1,361066,3
1,1155602,3
1,1558286,3
1,1394012,5
1,1522799,4
1,1727869,5
1,1283117,5
1,1600207,5
1,1508526,3
1,1122383,3
1,2631796,4
1,1077982,4
1,259799,4
1,2234063,4
1,369646,5
1,2583822,5
1,1664010,5
1,2090477,4
1,701960,5
1,818416,3
1,1694083,4
1,2191781,1
1,496087,2
1,2421360,5
1,2354740,5
1,1149588,4
1,2095681,2
1,2333817,3
1,322009,3
1,1943970,5
1,1763921,5
1,383247,5
1,1141189,4
1,573434,4
1,1655178,4
1,1564395,4
1,2537543,5
1,352635,5
1,799442,4
1,563962,5
1,732936,5
1,2025883,5
1,1027056,3
1,1604238,4
1,991423,4
1,907623,3
1,14756,4
1,2315073,4
1,1989766,4
1,890669,4
1,255443,2
1,1287892,4
1,1877347,4
1,1772176,3
1,514495,4
1,2283366,3
1,1125797,3
1,936396,2
1,181592,4
1,2329565,4
1,143274,3
1,1100940,1
1,1447104,3
1,1819474,3
1,835265,4
1,2563596,4
1,2354601,5
1,209573,4
1,595778,3
1,1374216,2
1,1113230,3
1,57961,4
1,1188228,2
1,320540,2
1,520386,3
1,850327,5
1,1567167,4
1,493009,4
1,194280,1
1,2217779,4
1,638020,3
1,1348967,2
1,2450433,3
1,1904905,4
1,1777406,3
1,2291422,1
1,2465337,3
1,706832,4
1,1125499,5
1,1596531,5
1,743633,4
1,30245,5
1,55016,3
1,1346257,3
1,893742,4
1,59052,2
1,2287003,5
1,317050,5
1,121318,4
1,1524964,3
1,2040859,1
1,2289956,5
1,700890,5
1,642036,3
1,1107678,5
1,1871179,3
1,684876,4
1,99400,5
1,831869,4
1,235553,4
1,485622,5
1,2389367,1
1,2635437,4
1,2162676,3
1,321111,2
1,2475251,4
1,1215397,5
1,1025798,3
1,1158759,4
1,421374,5
1,1116080,5
1,782308,5
1,624035,5
1,147386,5
1,68959,3
1,1850615,2
1,1493615,5
1,231001,3
1,765860,4
1,530789,5
1,479924,5
1,2439493,1
1,1155747,3
1,2630337,5
1,1665054,4
1,1011918,4
1,593225,3
1,1834590,3
1,1245406,4
1,636262,1
1,406057,4
1,1817215,4
1,1696031,4
1,1719610,2
1,729846,4
1,1421006,3
1,2477242,5
1,769643,1
1,1792741,2
1,314933,3
1,1196100,4
1,38052,3
1,1926776,1
1,2488120,5
1,667730,5
1,584542,5
1,2244518,5
1,411705,4
1,1838912,3
1,1972040,4
1,573537,4
1,1567202,2
1,793564,4
1,883478,4
1,1961619,5
1,494609,4
1,535396,2
1,880166,5
1,1493697,1
1,1546549,5
1,4326,4
1,716874,5
1,1927580,4
1,1283744,3
1,2472440,3
1,466135,4
1,1342007,3
1,2148699,2
1,470232,4
1,2423091,3
1,2588432,3
1,1159695,4
1,1578279,1
1,2508819,3
1,1905581,5
1,2647871,4
1,1308744,5
1,93986,5
1,1434636,3
1,2179073,3
1,401047,4
1,1481961,2
1,1009622,1
1,2421815,2
1,2263586,4
1,1910569,4
1,525356,2
1,2381599,3
1,1209954,5
1,1537427,4
1,1133214,4
1,786312,3
1,337541,5
1,662870,5
1,808731,4
1,814701,5
1,427928,4
1,1227322,4
1,1181550,3
1,2165002,4
1,558634,4
1,1245640,3
1,1080361,3
1,372233,5
1,1711859,4
1,1086807,3
1,804919,4
1,1209119,4
1,543865,4
1,2442,3
1,2590061,3
1,2207774,5
1,1503895,4
1,2238063,3
1,1842128,4
1,1248029,3
1,124105,4
1,893988,3
1,823519,3
1,30878,4
1,885013,4
1,822109,5
1,1488844,3
